11111111111111111111111111
11111111111111111111111101
16681000000000000000000001
10101000000000000000000001
10111000000000000000000001
19999999999999999999999901
10000000000000000000000001
10000000000000000000000001
10000000000000000000000001
10000000000000000000000001
10000000000000000000000001
10000000000000000020000001
10000000000000000000000001
10000000000000000000000001
10000000000000000000000001
12000000000000000000000001
12000000000000000000000001
12000000000000000000000001
10000000000000000000000001
10000000000000000000000001
10000000000000000000000001
10000000000000000000000001
10000000000000000000000001
10000000000000000000000001
10000000000000000000000001
11111111111111111111111111
3 3
