11111111111111111111111111111111111111111111111111
11111111111111111111111111100000000000000000000001
11000000000000000000000111111110000000000000000001
11000000000000000000000000000001110000000000000001
11000000000000000000000000000000111110000000000001
11000000000000000200000000000030000011100000000001
11000000006000000000000700000100000000111100000001
11000000006000000000007700000100000000000111000001
11000000066000000000077000000100000080000001110001
11000000660000000000070000000100000080000000011101
11000006600000000000770000000100000800000000001111
11000666000000000007700000000100008800040000000011
11000600000000000077000000000110008000000000099011
11000000000020000770000000000010088000000000990011
11000000000000007700000000000110080000000000990011
11000000000000077000000000000100080000000009990011
11000000000000770000000000000100080000000009090011
11000000000007700000000000000110080000000009090011
10100000000077000000000000000110080000000009090011
10100200000070000000000000001100080000000009990011
10110000000770000000000000001000080000000009990011
10110000000000000000000000011000080000000009990511
10010000000000000000000000110000880000000009900011
10011000000000000000000001100000800000000009900011
10001100000000000000000001000000800000000009900011
10001100000000000000000011000008800000000009900011
10000111000000000000000010000008000000000009900011
10000011100000000000000110000088000000000009900011
10000001110000000000000000000080000000000009000011
10000000011100000000000000000080000000000009000011
10000000001110000000000000000800000000000009000111
10000000000110100000003000008800000000000099000101
10000000000011101000000000008000000000000099000101
10000000000000111000000000008000000000000099000101
10000000000000001110100000000000000000000099000101
10000000000000000011110000000000000000000099000101
10000000000000000000111100000000000000000099000111
10000000000000000000001110000000000000000999000011
10000000000000000000000110100000000000009909000011
10000000000000000000000001101000000040009009000011
10000000000000000000000000111010000000009099000011
10000000000000000000000000001111100000000990000011
10000000000000000000000000000001111101000000000111
10000000000000000000000000000000001111101100000111
10000000000000000000000000000000000000111111111111
10000000000000000000000000000000000000000000000001
10000000000000000000000000000000000000000000000001
10000000000000000000000000000000000000000000000001
10000000000000000000000000000000000000000000000001
11111111111111111111111111111111111111111111111111
3 3