11111111111111111111111111111111111111111111
10111111111111111111111111111111110000000001
10100000009999999999999999999999921000000001
11100000001111111111111111111111101000000001
11000006000111111111111111111111101100000001
11000006000000000000000000000000000100000001
11000066000000000000000000000000000110000001
11000060000000000000500000000000000010000001
11000000000000000000000000000000000010000001
11000000111111110000000000000000000010000001
11000000111111110000000000000000000011000001
11000000111111110000000000000000000001000001
11000000111111110000500000000000000001000001
11000000111111100000000000000000000001000001
11000000111000000000000000000000000001000001
11000000000000000000000000000000000000100001
11000000000000000000000000000000000000100001
11000000000000000000000000000000000000100001
11000000000000000000000000000000000000100001
11000000000000000000000000000000000000100001
11000000000000000000000000000000000000100001
11000000000000000000000000000000000000100001
11000000000000000000000000000000000000100001
11000000000000000000000000000000000000100001
11100000000000000000000000000000000000100001
10100000000000000000000000000000000001100001
10110000000000000000000000000000000001000001
10010000000000000000000000000000000001000001
10011000000000000000000000000000000011000001
10001000000000000000000000000000000010000001
10000100000000000000000000000000050110000001
10000011000000000000000000000000011000000001
10000001111111111111111111111111100000000001
10000000000000000000000000000000000000000001
10000000000000000000000000000000000000000001
10000000000000000000000000000000000000000001
10000000000000000000000000000000000000000001
10000000000000000000000000000000000000000001
10000000000000000000000000000000000000000001
10000000000000000000000000000000000000000001
10000000000000000000000000000000000000000001
10000000000000000000000000000000000000000001
10000000000000000000000000000000000000000001
11111111111111111111111111111111111111111111
3 3
