11111111111111111111111111
11111111111111111111111111
11000010000030100000003011
11000013000000100000000011
11000010099999100999990011
11000010000000100900000111
11000010000000100000000101
11000010000300100003000101
11000010200001100000000111
11666610022001000022200111
11688611001111000000011101
11688600000001100000110001
11688600000000100011100001
11666600000000001110000001
11111110000011111000000001
11111110111110000000000001
11220010100000000000000001
11000010100000000000000001
11090010100000000000000001
11090910100000000000000001
11090910100000000000000001
11099900100000000000000001
11099000100000000000000001
11000000100000000000000001
11111111100000000000000001
11111111111111111111111111
3 3
