11111111111111111111111111
11111111111111111111111111
11000000110099999999990011
11000000010099999999999011
11000000011099999999999011
11000200001099999999999011
11000200001000000000000011
11000200000100000000000011
11000000000100000000000011
11000000000010004040000011
11000000000010000000000011
11000000000010000000000011
11000000000010000000000011
11000000000001000000000011
11000000011111000000000011
11000000010000000000000011
11000000056666666666666611
11000000056666666666666611
11000000011100000000000011
11000000000100000000000011
11000200000100000004000011
11000200001100000000000011
11000200001000004000000011
11000000011000000000000011
11111111111111111111111111
11111111111111111111111111
3 3
