1111111111111111111111111111111111111111111111111111111111111111111111
1000000000000000000000000000000000000000000000000000000000000000009991
1000000000000000000000000000000000000000000000000000000000000000009991
1000000000000000000000000000000000000000000000000000000000000000009991
1000000000000040000000000000040000000000000000000001000000000000000091
1000000000000000000000000000000000000000000000000000000040000000000091
1000000000000000000000000000000000000000000000000001000000000000000091
1000000000000000000000000000000000000000000000000001000000000000000091
1000000000000000000000000000000000000000000000000001000000000000000091
1011111111111111100000000000000000000000000000000001000000000000000091
1111111111111111111111111111111999999900000000000000000000000000000091
1000000000011111111111111111111999999900000000000000000000000111111191
1000000000000000000000011111111199999911000000000000000000011111111991
1000000000000000000000000111111111991111111111111111111111111111119991
1000000000000000000000000000000999999991111111111110000000000000009991
1000000000000000000000000000000999999990000000000000000000000000009991
1003000000000000000000000000000999999900000000000000000000000000009991
1003000000000000000000000000000000000000000000000000000000000000009991
1003000000000000000000000000000000000000000000000000000000000000009991
1003000000000000000000000000000000000000000000000000000000000000099991
1033000000000000000000000000000000000000000000000000000000000000099991
1030000000000000000000000000000000000000000000000303000000000000099991
1030000000000000000000000000000000000000000000000000000000000000099991
1000000000000000000000000000000000000000000000000000000000000000099991
1000000000000000000000000000000000000000000000000000000000000009999991
1111111111111111111111111111111111111111111111111111111111111111111111
3 3
