11111111111111111111111111
18888888000100000000000021
18800088800100000000000001
18000088800100000090000001
18000008800100000090000001
18000008800100000090000001
18000088800100000090000001
18000888800100099090000001
18888808000100099090990001
18888888000100099090900001
10000000000100099090900001
10000000000100090990900001
19900000000100090990900001
19990900000100090099090001
19999990000100009099090001
19999999000110009099090001
19999999900010009009099901
19999999900010009009099901
19999999900010000909999991
19999999900110000909999991
19999999900000000090999991
19999999909999999999999901
19999999900999999999999991
19999999999999999999999991
19999999999999999999999991
11111111111111111111111111
3 3
